-- garages (ModuleScript)
-- ReplicatedStorage > devv > shared > Indicies
-- Original

local v1 = {
	["Police"] = {
		["cframe"] = CFrame.new(379.161102, 28.8131218, 2053.84839, -0.996199965, -0.0000193610013, -0.0871555209, -0.0000227240107, 1, 0.0000428821586, 0.0871563852, 0.0000449692743, -0.996199787)
	},
	["Criminals"] = {
		["cframe"] = CFrame.new(939.674988, -8.4317379, -3417.15137, -0.996199965, -0.0000193610013, -0.0871555209, -0.0000227240107, 1, 0.0000428821586, 0.0871563852, 0.0000449692743, -0.996199787)
	},
	["Civilians"] = {
		["cframe"] = CFrame.new(531.746582, 2.17995811, 623.096985, -0.996199965, -0.0000193610013, -0.0871555209, -0.0000227240107, 1, 0.0000428821586, 0.0871563852, 0.0000449692743, -0.996199787)
	}
}
return v1